1.000000000e-04  8.134969010e-04 
1.099819964e-04  8.053791947e-04 
1.199639928e-04  7.965051854e-04 
1.299459892e-04  7.868798025e-04 
1.399279856e-04  7.765087260e-04 
1.499099820e-04  7.653984747e-04 
1.598919784e-04  7.535565044e-04 
1.698739748e-04  7.409913174e-04 
1.798559712e-04  7.277125837e-04 
1.898379676e-04  7.137312745e-04 
1.998199640e-04  6.990598098e-04 
2.098019604e-04  6.837122201e-04 
2.197839568e-04  6.677043238e-04 
2.297659532e-04  6.510539211e-04 
2.397479496e-04  6.337810053e-04 
2.497299460e-04  6.159079924e-04 
2.597119424e-04  5.974599710e-04 
2.696939388e-04  5.784649704e-04 
2.796759352e-04  5.589542512e-04 
2.896579316e-04  5.389626150e-04 
2.996399280e-04  5.185287353e-04 
3.096219244e-04  4.976955082e-04 
3.196039208e-04  4.765104203e-04 
3.295859172e-04  4.550259332e-04 
3.395679136e-04  4.332998789e-04 
3.495499100e-04  4.113958623e-04 
3.595319064e-04  3.893836631e-04 
3.695139028e-04  3.673396270e-04 
3.794958992e-04  3.453470363e-04 
3.894778956e-04  3.234964413e-04 
3.994598920e-04  3.018859369e-04 
4.094418884e-04  2.806213587e-04 
4.194238848e-04  2.598163732e-04 
4.294058812e-04  2.395924282e-04 
4.393878776e-04  2.200785286e-04 
4.493698740e-04  2.014107968e-04 
4.593518704e-04  1.837317755e-04 
4.693338668e-04  1.671894300e-04 
4.793158632e-04  1.519358134e-04 
4.892978596e-04  1.381253624e-04 
4.992798560e-04  1.259128119e-04 
5.092618524e-04  1.154507393e-04 
5.192438488e-04  1.068867847e-04 
5.292258452e-04  1.003606429e-04 
5.392078416e-04  9.600098222e-05 
5.491898380e-04  9.392251872e-05 
5.591718344e-04  9.422355201e-05 
5.691538308e-04  9.698435117e-05 
5.791358272e-04  1.022668473e-04 
5.891178236e-04  1.101161359e-04 
5.990998200e-04  1.205642954e-04 
6.090818164e-04  1.336369757e-04 
6.190638128e-04  1.493630830e-04 
6.290458092e-04  1.677876813e-04 
6.390278056e-04  1.889879529e-04 
6.490098020e-04  2.130917176e-04 
6.589917984e-04  2.402976430e-04 
6.689737948e-04  2.708959177e-04 
6.789557912e-04  3.052878401e-04 
6.889377876e-04  3.440025340e-04 
6.989197840e-04  3.877088342e-04 
7.089017804e-04  4.372202973e-04 
7.188837768e-04  4.934912398e-04 
7.288657732e-04  5.576016724e-04 
7.388477696e-04  6.307289620e-04 
7.488297660e-04  7.141040458e-04 
7.588117624e-04  8.089501394e-04 
7.687937588e-04  9.164023022e-04 
7.787757552e-04  1.037407198e-03 
7.887577516e-04  1.172604244e-03 
7.987397479e-04  1.322192336e-03 
8.087217443e-04  1.485790616e-03 
8.187037407e-04  1.662307011e-03 
8.286857371e-04  1.849833769e-03 
8.386677335e-04  2.045593330e-03 
8.486497299e-04  2.245958511e-03 
8.586317263e-04  2.446566092e-03 
8.686137227e-04  2.642531085e-03 
8.785957191e-04  2.828751318e-03 
8.885777155e-04  3.000271872e-03 
8.985597119e-04  3.152662203e-03 
9.085417083e-04  3.282351316e-03 
9.185237047e-04  3.386871822e-03 
9.285057011e-04  3.464981053e-03 
9.384876975e-04  3.516651709e-03 
9.484696939e-04  3.542948280e-03 
9.584516903e-04  3.545822389e-03 
9.684336867e-04  3.527867102e-03 
9.784156831e-04  3.492067638e-03 
9.883976795e-04  3.441576925e-03 
9.983796759e-04  3.379533090e-03 
1.008361672e-03  3.308925245e-03 
1.018343669e-03  3.232505993e-03 
1.028325665e-03  3.152744091e-03 
1.038307662e-03  3.071808605e-03 
1.048289658e-03  2.991575732e-03 
1.058271654e-03  2.913650406e-03 
1.068253651e-03  2.839396396e-03 
1.078235647e-03  2.769970114e-03 
1.088217644e-03  2.706354802e-03 
1.098199640e-03  2.649392872e-03 
1.108181636e-03  2.599815007e-03 
1.118163633e-03  2.558265146e-03 
1.128145629e-03  2.525320860e-03 
1.138127626e-03  2.501508708e-03 
1.148109622e-03  2.487314259e-03 
1.158091618e-03  2.483186353e-03 
1.168073615e-03  2.489535150e-03 
1.178055611e-03  2.506723397e-03 
1.188037608e-03  2.535050381e-03 
1.198019604e-03  2.574728157e-03 
1.208001600e-03  2.625849990e-03 
1.217983597e-03  2.688351610e-03 
1.227965593e-03  2.761966884e-03 
1.237947590e-03  2.846180885e-03 
1.247929586e-03  2.940185031e-03 
1.257911582e-03  3.042840737e-03 
1.267893579e-03  3.152659418e-03 
1.277875575e-03  3.267807217e-03 
1.287857572e-03  3.386141814e-03 
1.297839568e-03  3.505285635e-03 
1.307821564e-03  3.622734719e-03 
1.317803561e-03  3.735996055e-03 
1.327785557e-03  3.842739746e-03 
1.337767554e-03  3.940947715e-03 
1.347749550e-03  4.029039434e-03 
1.357731546e-03  4.105958102e-03 
1.367713543e-03  4.171207276e-03 
1.377695539e-03  4.224836419e-03 
1.387677536e-03  4.267382002e-03 
1.397659532e-03  4.299776597e-03 
1.407641528e-03  4.323241002e-03 
1.417623525e-03  4.339173733e-03 
1.427605521e-03  4.349049266e-03 
1.437587518e-03  4.354332373e-03 
1.447569514e-03  4.356411875e-03 
1.457551510e-03  4.356553918e-03 
1.467533507e-03  4.355872666e-03 
1.477515503e-03  4.355315198e-03 
1.487497499e-03  4.355657052e-03 
1.497479496e-03  4.357505115e-03 
1.507461492e-03  4.361305080e-03 
1.517443489e-03  4.367351389e-03 
1.527425485e-03  4.375798211e-03 
1.537407481e-03  4.386670628e-03 
1.547389478e-03  4.399875707e-03 
1.557371474e-03  4.415213561e-03 
1.567353471e-03  4.432388799e-03 
1.577335467e-03  4.451023029e-03 
1.587317463e-03  4.470669174e-03 
1.597299460e-03  4.490828395e-03 
1.607281456e-03  4.510970247e-03 
1.617263453e-03  4.530556414e-03 
1.627245449e-03  4.549067843e-03 
1.637227445e-03  4.566034447e-03 
1.647209442e-03  4.581065697e-03 
1.657191438e-03  4.593879669e-03 
1.667173435e-03  4.604327382e-03 
1.677155431e-03  4.612409010e-03 
1.687137427e-03  4.618278720e-03 
1.697119424e-03  4.622235787e-03 
1.707101420e-03  4.624701074e-03 
1.717083417e-03  4.626179824e-03 
1.727065413e-03  4.627213623e-03 
1.737047409e-03  4.628325953e-03 
1.747029406e-03  4.629966674e-03 
1.757011402e-03  4.632460784e-03 
1.766993399e-03  4.635966089e-03 
1.776975395e-03  4.640443101e-03 
1.786957391e-03  4.645638881e-03 
1.796939388e-03  4.651085140e-03 
1.806921384e-03  4.656109689e-03 
1.816903381e-03  4.659859659e-03 
1.826885377e-03  4.661334582e-03 
1.836867373e-03  4.659427405e-03 
1.846849370e-03  4.652971684e-03 
1.856831366e-03  4.640793409e-03 
1.866813363e-03  4.621765981e-03 
1.876795359e-03  4.594866897e-03 
1.886777355e-03  4.559234482e-03 
1.896759352e-03  4.514222746e-03 
1.906741348e-03  4.459452080e-03 
1.916723345e-03  4.394853180e-03 
1.926705341e-03  4.320701406e-03 
1.936687337e-03  4.237638774e-03 
1.946669334e-03  4.146681082e-03 
1.956651330e-03  4.049208303e-03 
1.966633327e-03  3.946937290e-03 
1.976615323e-03  3.841877016e-03 
1.986597319e-03  3.736267876e-03 
1.996579316e-03  3.632507858e-03 
2.006561312e-03  3.533069466e-03 
2.016543309e-03  3.440412068e-03 
2.026525305e-03  3.356894668e-03 
2.036507301e-03  3.284693962e-03 
2.046489298e-03  3.225731982e-03 
2.056471294e-03  3.181616697e-03 
2.066453291e-03  3.153597823e-03 
2.076435287e-03  3.142538861e-03 
2.086417283e-03  3.148905248e-03 
2.096399280e-03  3.172767525e-03 
2.106381276e-03  3.213817705e-03 
2.116363273e-03  3.271396520e-03 
2.126345269e-03  3.344529061e-03 
2.136327265e-03  3.431966293e-03 
2.146309262e-03  3.532230119e-03 
2.156291258e-03  3.643659977e-03 
2.166273255e-03  3.764459252e-03 
2.176255251e-03  3.892740237e-03 
2.186237247e-03  4.026566646e-03 
2.196219244e-03  4.163993085e-03 
2.206201240e-03  4.303101092e-03 
2.216183237e-03  4.442031638e-03 
2.226165233e-03  4.579014092e-03 
2.236147229e-03  4.712391819e-03 
2.246129226e-03  4.840644606e-03 
2.256111222e-03  4.962408175e-03 
2.266093219e-03  5.076490990e-03 
2.276075215e-03  5.181888547e-03 
2.286057211e-03  5.277795235e-03 
2.296039208e-03  5.363613741e-03 
2.306021204e-03  5.438961854e-03 
2.316003201e-03  5.503676347e-03 
2.325985197e-03  5.557813454e-03 
2.335967193e-03  5.601645342e-03 
2.345949190e-03  5.635651795e-03 
2.355931186e-03  5.660506323e-03 
2.365913183e-03  5.677055875e-03 
2.375895179e-03  5.686293505e-03 
2.385877175e-03  5.689323581e-03 
2.395859172e-03  5.687319582e-03 
2.405841168e-03  5.681475076e-03 
2.415823165e-03  5.672949187e-03 
2.425805161e-03  5.662808619e-03 
2.435787157e-03  5.651969027e-03 
2.445769154e-03  5.641139143e-03 
2.455751150e-03  5.630771447e-03 
2.465733147e-03  5.621023208e-03 
2.475715143e-03  5.611731451e-03 
2.485697139e-03  5.602404729e-03 
2.495679136e-03  5.592233685e-03 
2.505661132e-03  5.580121377e-03 
2.515643129e-03  5.564733336e-03 
2.525625125e-03  5.544566619e-03 
2.535607121e-03  5.518036644e-03 
2.545589118e-03  5.483580642e-03 
2.555571114e-03  5.439776792e-03 
2.565553111e-03  5.385478613e-03 
2.575535107e-03  5.319964470e-03 
2.585517103e-03  5.243101804e-03 
2.595499100e-03  5.155524310e-03 
2.605481096e-03  5.058817195e-03 
2.615463093e-03  4.955700174e-03 
2.625445089e-03  4.850189628e-03 
2.635427085e-03  4.747710635e-03 
2.645409082e-03  4.655117685e-03 
2.655391078e-03  4.580573227e-03 
2.665373075e-03  4.533231312e-03 
2.675355071e-03  4.522686724e-03 
2.685337067e-03  4.558184704e-03 
2.695319064e-03  4.647643786e-03 
2.705301060e-03  4.796614791e-03 
2.715283057e-03  5.007360160e-03 
